0.05	19.99983
0.1	9.99933
0.15	6.66516
0.2	4.99732
0.25	3.99581
0.3	3.32729
0.35	2.8489
0.4	2.48922
0.45	2.20856
0.5	1.98312
0.55	1.79774
0.6	1.64236
0.65	1.50997
0.7	1.3956
0.75	1.2956
0.8	1.20725
0.85	1.12848
0.9	1.05768
0.95	0.99358
1	0.93519
1.05	0.8817
1.1	0.83247
1.15	0.78696
1.2	0.74473
1.25	0.70543
1.3	0.66874
1.35	0.6344
1.4	0.60221
1.45	0.57196
1.5	0.5435
1.55	0.51668
1.6	0.49138
1.65	0.46749
1.7	0.44491
1.75	0.42355
1.8	0.40332
1.85	0.38417
1.9	0.36601
1.95	0.3488
2	0.33247
2.05	0.31736
2.1	0.30225
2.15	0.28862
2.2	0.27499
2.25	0.26268
2.3	0.25036
2.35	0.23923
2.4	0.22809
2.45	0.21801
2.5	0.20793
2.55	0.1988
2.6	0.18966
2.65	0.18137
2.7	0.17308
2.75	0.16556
2.8	0.15803
2.85	0.15119
2.9	0.14435
2.95	0.13813
3	0.13191
3.05	0.12626
3.1	0.1206
3.15	0.11545
3.2	0.11029
3.25	0.10559
3.3	0.10089
3.35	0.09661
3.4	0.09232
3.45	0.08841
3.5	0.0845
3.55	0.08094
3.6	0.07737
3.65	0.07411
3.7	0.07084
3.75	0.06787
3.8	0.06489
3.85	0.06217
3.9	0.05944
3.95	0.05695
4	0.05445
4.05	0.05217
4.1	0.04989
4.15	0.0478
4.2	0.04571
4.25	0.0438
4.3	0.04189
4.35	0.04014
4.4	0.03838
4.45	0.03678
4.5	0.03517
4.55	0.0337
4.6	0.03223
4.65	0.03088
4.7	0.02953
4.75	0.0283
4.8	0.02706
4.85	0.02592
4.9	0.02479
4.95	0.02375
5	0.02271
5.05	0.0218
5.1	0.02088
5.15	0.01997
5.2	0.01905
5.25	0.01828
5.3	0.01751
5.35	0.01674
5.4	0.01597
5.45	0.01532
5.5	0.01468
5.55	0.01403
5.6	0.01338
5.65	0.01283
5.7	0.01228
5.75	0.01174
5.8	0.01119
5.85	0.01073
5.9	0.01027
5.95	0.00982
6	0.00936
6.05	0.00897
6.1	0.00858
6.15	0.0082
6.2	0.00781
6.25	0.00748
6.3	0.00716
6.35	0.00684
6.4	0.00651
6.45	0.00624
6.5	0.00597
6.55	0.00569
6.6	0.00542
6.65	0.00519
6.7	0.00496
6.75	0.00473
6.8	0.0045
6.85	0.00431
6.9	0.00412
6.95	0.00392
7	0.00373
7.05	0.00357
7.1	0.00341
7.15	0.00324
7.2	0.00308
7.25	0.00295
7.3	0.00281
7.35	0.00267
7.4	0.00254
7.45	0.00243
7.5	0.00231
7.55	0.0022
7.6	0.00209
7.65	0.00199
7.7	0.0019
7.75	0.0018
7.8	0.00171
7.85	0.00163
7.9	0.00155
7.95	0.00147
8	0.00139
8.05	0.00133
8.1	0.00126
8.15	0.0012
8.2	0.00113
8.25	0.00108
8.3	0.00102
8.35	9.65E-4
8.4	9.1E-4
8.45	8.65E-4
8.5	8.2E-4
8.55	7.75E-4
8.6	7.3E-4
8.65	6.925E-4
8.7	6.55E-4
8.75	6.175E-4
8.8	5.8E-4
8.85	5.5E-4
8.9	5.2E-4
8.95	4.9E-4
9	4.6E-4
9.05	4.325E-4
9.1	4.05E-4
9.15	3.775E-4
9.2	3.5E-4
9.25	3.3E-4
9.3	3.1E-4
9.35	2.9E-4
9.4	2.7E-4
9.45	2.525E-4
9.5	2.35E-4
9.55	2.175E-4
9.6	2E-4
9.65	1.875E-4
9.7	1.75E-4
9.75	1.625E-4
9.8	1.5E-4
9.85	1.375E-4
9.9	1.25E-4
9.95	1.125E-4
10	1E-4
10.05	9E-5
10.1	8E-5
10.15	7E-5
10.2	6E-5
10.25	5.25E-5
10.3	4.5E-5
10.35	3.75E-5
10.4	3E-5
10.45	2.5E-5
10.5	2E-5
10.55	1.5E-5
10.6	1E-5
10.65	5E-6
10.7	2.78437E-17
10.75	-5E-6
10.8	-1E-5
10.85	-1.25E-5
10.9	-1.5E-5
10.95	-1.75E-5
11	-2E-5
11.05	-2.25E-5
11.1	-2.5E-5
11.15	-2.75E-5
11.2	-3E-5
11.25	-3.25E-5
11.3	-3.5E-5
11.35	-3.75E-5
11.4	-4E-5
11.45	-4.25E-5
11.5	-4.5E-5
11.55	-4.75E-5
11.6	-5E-5
11.65	-5.25E-5
11.7	-5.5E-5
11.75	-5.75E-5
11.8	-6E-5
11.85	-6E-5
11.9	-6E-5
11.95	-6E-5
12	-6E-5
12.05	-6E-5
12.1	-6E-5
12.15	-6E-5
12.2	-6E-5
12.25	-6E-5
12.3	-6E-5
12.35	-6E-5
12.4	-6E-5
12.45	-6E-5
12.5	-6E-5
12.55	-6E-5
12.6	-6E-5
12.65	-6E-5
12.7	-6E-5
12.75	-6E-5
12.8	-6E-5
12.85	-6E-5
12.9	-6E-5
12.95	-6E-5
13	-6E-5
13.05	-6E-5
13.1	-6E-5
13.15	-6E-5
13.2	-6E-5
13.25	-6E-5
13.3	-6E-5
13.35	-6E-5
13.4	-6E-5
13.45	-5.875E-5
13.5	-5.75E-5
13.55	-5.625E-5
13.6	-5.5E-5
13.65	-5.375E-5
13.7	-5.25E-5
13.75	-5.125E-5
13.8	-5E-5
13.85	-5E-5
13.9	-5E-5
13.95	-5E-5
14	-5E-5
14.05	-5E-5
14.1	-5E-5
14.15	-5E-5
14.2	-5E-5
14.25	-5E-5
14.3	-5E-5
14.35	-5E-5
14.4	-5E-5
14.45	-5E-5
14.5	-5E-5
14.55	-5E-5
14.6	-5E-5
14.65	-4.875E-5
14.7	-4.75E-5
14.75	-4.625E-5
14.8	-4.5E-5
14.85	-4.375E-5
14.9	-4.25E-5
14.95	-4.125E-5
15	-4E-5
15.05	-4E-5
15.1	-4E-5
15.15	-4E-5
15.2	-4E-5
15.25	-4E-5
15.3	-4E-5
15.35	-4E-5
15.4	-4E-5
15.45	-4E-5
15.5	-4E-5
15.55	-4E-5
15.6	-4E-5
15.65	-4E-5
15.7	-4E-5
15.75	-4E-5
15.8	-4E-5
15.85	-3.875E-5
15.9	-3.75E-5
15.95	-3.625E-5
16	-3.5E-5
16.05	-3.375E-5
16.1	-3.25E-5
16.15	-3.125E-5
16.2	-3E-5
16.25	-3E-5
16.3	-3E-5
16.35	-3E-5
16.4	-3E-5
16.45	-3E-5
16.5	-3E-5
16.55	-3E-5
16.6	-3E-5
16.65	-3E-5
16.7	-3E-5
16.75	-3E-5
16.8	-3E-5
16.85	-3E-5
16.9	-3E-5
16.95	-3E-5
17	-3E-5
17.05	-3E-5
17.1	-3E-5
17.15	-3E-5
17.2	-3E-5
17.25	-3E-5
17.3	-3E-5
17.35	-3E-5
17.4	-3E-5
17.45	-2.875E-5
17.5	-2.75E-5
17.55	-2.625E-5
17.6	-2.5E-5
17.65	-2.375E-5
17.7	-2.25E-5
17.75	-2.125E-5
17.8	-2E-5
17.85	-2E-5
17.9	-2E-5
17.95	-2E-5
18	-2E-5
18.05	-2E-5
18.1	-2E-5
18.15	-2E-5
18.2	-2E-5
18.25	-2E-5
18.3	-2E-5
18.35	-2E-5
18.4	-2E-5
18.45	-2E-5
18.5	-2E-5
18.55	-2E-5
18.6	-2E-5
18.65	-2E-5
18.7	-2E-5
18.75	-2E-5
18.8	-2E-5
18.85	-2E-5
18.9	-2E-5
18.95	-2E-5
19	-2E-5
19.05	-2E-5
19.1	-2E-5
19.15	-2E-5
19.2	-2E-5
19.25	-2E-5
19.3	-2E-5
19.35	-2E-5
19.4	-2E-5
19.45	-1.875E-5
19.5	-1.75E-5
19.55	-1.625E-5
19.6	-1.5E-5
19.65	-1.375E-5
19.7	-1.25E-5
19.75	-1.125E-5
19.8	-1E-5
19.85	-1E-5
19.9	-1E-5
19.95	-1E-5
20	-1E-5
20.05	-1E-5
20.1	-1E-5
20.15	-1E-5
20.2	-1E-5
20.25	-1E-5
20.3	-1E-5
20.35	-1E-5
20.4	-1E-5
20.45	-1E-5
20.5	-1E-5
20.55	-1E-5
20.6	-1E-5
20.65	-1E-5
20.7	-1E-5
20.75	-1E-5
20.8	-1E-5
20.85	-1E-5
20.9	-1E-5
20.95	-1E-5
21	-1E-5
21.05	-1E-5
21.1	-1E-5
21.15	-1E-5
21.2	-1E-5
21.25	-1E-5
21.3	-1E-5
21.35	-1E-5
21.4	-1E-5
21.45	-1E-5
21.5	-1E-5
21.55	-1E-5
21.6	-1E-5
21.65	-1E-5
21.7	-1E-5
21.75	-1E-5
21.8	-1E-5
21.85	-1E-5
21.9	-1E-5
21.95	-1E-5
22	-1E-5
22.05	-1E-5
22.1	-1E-5
22.15	-1E-5
22.2	-1E-5
22.25	-1E-5
22.3	-1E-5
22.35	-1E-5
22.4	-1E-5
22.45	-1E-5
22.5	-1E-5
22.55	-1E-5
22.6	-1E-5
22.65	-1E-5
22.7	-1E-5
22.75	-1E-5
22.8	-1E-5
22.85	-1E-5
22.9	-1E-5
22.95	-1E-5
23	-1E-5
23.05	-1E-5
23.1	-1E-5
23.15	-1E-5
23.2	-1E-5
23.25	-1E-5
23.3	-1E-5
23.35	-1E-5
23.4	-1E-5
23.45	-1E-5
23.5	-1E-5
23.55	-1E-5
23.6	-1E-5
23.65	-1E-5
23.7	-1E-5
23.75	-1E-5
23.8	-1E-5
23.85	-1E-5
23.9	-1E-5
23.95	-1E-5
24	-1E-5
24.05	-1E-5
24.1	-1E-5
24.15	-1E-5
24.2	-1E-5
24.25	-1E-5
24.3	-1E-5
24.35	-1E-5
24.4	-1E-5
24.45	-1E-5
24.5	-1E-5
24.55	-1E-5
24.6	-1E-5
24.65	-1E-5
24.7	-1E-5
24.75	-1E-5
24.8	-1E-5
24.85	-1E-5
24.9	-1E-5
24.95	-1E-5
25	-1E-5
25.05	-1E-5
25.1	-1E-5
25.15	-1E-5
25.2	-1E-5
25.25	-1E-5
25.3	-1E-5
25.35	-1E-5
25.4	-1E-5
25.45	-1E-5
25.5	-1E-5
25.55	-1E-5
25.6	-1E-5
25.65	-1E-5
25.7	-1E-5
25.75	-1E-5
25.8	-1E-5
25.85	-1E-5
25.9	-1E-5
25.95	-1E-5
26	-1E-5
26.05	-1E-5
26.1	-1E-5
26.15	-1E-5
26.2	-1E-5
26.25	-9.375E-6
26.3	-8.75E-6
26.35	-8.125E-6
26.4	-7.5E-6
26.45	-6.875E-6
26.5	-6.25E-6
26.55	-5.625E-6
26.6	-5E-6
26.65	-4.375E-6
26.7	-3.75E-6
26.75	-3.125E-6
26.8	-2.5E-6
26.85	-1.875E-6
26.9	-1.25E-6
26.95	-6.25E-7
27	0
27.05	0
27.1	0
27.15	0
27.2	0
27.25	0
27.3	0
27.35	0
27.4	0
27.45	0
27.5	0
27.55	0
27.6	0
27.65	0
27.7	0
27.75	0
27.8	0
27.85	0
27.9	0
27.95	0
28	0
28.05	0
28.1	0
28.15	0
28.2	0
28.25	0
28.3	0
28.35	0
28.4	0
28.45	0
28.5	0
28.55	0
28.6	0
28.65	0
28.7	0
28.75	0
28.8	0
28.85	0
28.9	0
28.95	0
29	0
29.05	0
29.1	0
29.15	0
29.2	0
29.25	0
29.3	0
29.35	0
29.4	0
29.45	0
29.5	0
29.55	0
29.6	0
29.65	0
29.7	0
29.75	0
29.8	0
29.85	0
29.9	0
29.95	0
30	0
30.05	0
40	0
50	0
60	0
70	0
80	0
90	0
100	0
110	0
120	0
130	0
150	0
170	0
190	0
210	0
230	0
250	0
270	0
300	0
350	0
400	0
450	0
500	0
