0.05	18.50602
0.1	8.52176
0.15	5.21094
0.2	3.57138
0.25	2.60144
0.3	1.96663
0.35	1.52323
0.4	1.19925
0.45	0.95454
0.5	0.76501
0.55	0.61531
0.6	0.49518
0.65	0.39756
0.7	0.31737
0.75	0.25096
0.8	0.19552
0.85	0.14899
0.9	0.10973
0.95	0.07648
1	0.0482
1.05	0.02414
1.1	0.00359
1.15	-0.01397
1.2	-0.02897
1.25	-0.0418
1.3	-0.05274
1.35	-0.06206
1.4	-0.06998
1.45	-0.07668
1.5	-0.08232
1.55	-0.08704
1.6	-0.09094
1.65	-0.09413
1.7	-0.0967
1.75	-0.09872
1.8	-0.10025
1.85	-0.10137
1.9	-0.10211
1.95	-0.10252
2	-0.10263
2.05	-0.10267
2.1	-0.10213
2.15	-0.10174
2.2	-0.10084
2.25	-0.10011
2.3	-0.09893
2.35	-0.09793
2.4	-0.09655
2.45	-0.09536
2.5	-0.09382
2.55	-0.09248
2.6	-0.09083
2.65	-0.08938
2.7	-0.08766
2.75	-0.08612
2.8	-0.08436
2.85	-0.08278
2.9	-0.08098
2.95	-0.07937
3	-0.07756
3.05	-0.07593
3.1	-0.07414
3.15	-0.07252
3.2	-0.07074
3.25	-0.06913
3.3	-0.06738
3.35	-0.06579
3.4	-0.06408
3.45	-0.06252
3.5	-0.06086
3.55	-0.05934
3.6	-0.05771
3.65	-0.05623
3.7	-0.05465
3.75	-0.05322
3.8	-0.0517
3.85	-0.05031
3.9	-0.04884
3.95	-0.04751
4	-0.04609
4.05	-0.0448
4.1	-0.04344
4.15	-0.04221
4.2	-0.0409
4.25	-0.03973
4.3	-0.03847
4.35	-0.03733
4.4	-0.03615
4.45	-0.03507
4.5	-0.03394
4.55	-0.03291
4.6	-0.03183
4.65	-0.03086
4.7	-0.02983
4.75	-0.0289
4.8	-0.02793
4.85	-0.02704
4.9	-0.02613
4.95	-0.02529
5	-0.02442
5.05	-0.02369
5.1	-0.02293
5.15	-0.02213
5.2	-0.02129
5.25	-0.02064
5.3	-0.01996
5.35	-0.01925
5.4	-0.0185
5.45	-0.01793
5.5	-0.01733
5.55	-0.0167
5.6	-0.01604
5.65	-0.01554
5.7	-0.015
5.75	-0.01445
5.8	-0.01387
5.85	-0.01343
5.9	-0.01297
5.95	-0.01248
6	-0.01197
6.05	-0.01159
6.1	-0.01119
6.15	-0.01076
6.2	-0.01031
6.25	-0.00998
6.3	-0.00962
6.35	-0.00925
6.4	-0.00886
6.45	-0.00857
6.5	-0.00827
6.55	-0.00796
6.6	-0.00761
6.65	-0.00737
6.7	-0.00711
6.75	-0.00682
6.8	-0.00653
6.85	-0.00632
6.9	-0.00609
6.95	-0.00585
7	-0.00559
7.05	-0.00542
7.1	-0.00522
7.15	-0.00501
7.2	-0.00479
7.25	-0.00464
7.3	-0.00447
7.35	-0.0043
7.4	-0.0041
7.45	-0.00397
7.5	-0.00383
7.55	-0.00368
7.6	-0.00351
7.65	-0.0034
7.7	-0.00328
7.75	-0.00315
7.8	-0.003
7.85	-0.00291
7.9	-0.00281
7.95	-0.00269
8	-0.00257
8.05	-0.00249
8.1	-0.0024
8.15	-0.0023
8.2	-0.0022
8.25	-0.00214
8.3	-0.00207
8.35	-0.00198
8.4	-0.00189
8.45	-0.00184
8.5	-0.00177
8.55	-0.0017
8.6	-0.00162
8.65	-0.00157
8.7	-0.00152
8.75	-0.00146
8.8	-0.00139
8.85	-0.00136
8.9	-0.0013
8.95	-0.00125
9	-0.00119
9.05	-0.00116
9.1	-0.00112
9.15	-0.00108
9.2	-0.00103
9.25	-1E-3
9.3	-9.73118E-4
9.35	-9.38128E-4
9.4	-8.87021E-4
9.45	-8.69894E-4
9.5	-8.46842E-4
9.55	-8.07958E-4
9.6	-7.73333E-4
9.65	-7.53057E-4
9.7	-7.27216E-4
9.75	-7.05897E-4
9.8	-6.69184E-4
9.85	-6.57157E-4
9.9	-6.29899E-4
9.95	-6.07487E-4
10	-5.8E-4
10.05	-5.67512E-4
10.1	-5.50099E-4
10.15	-5.27833E-4
10.2	-5.00784E-4
10.25	-4.89024E-4
10.3	-4.72621E-4
10.35	-4.61643E-4
10.4	-4.36154E-4
10.45	-4.2622E-4
10.5	-4.21905E-4
10.55	-4.0327E-4
10.6	-3.90377E-4
10.65	-3.83286E-4
10.7	-3.72056E-4
10.75	-3.56744E-4
10.8	-3.37407E-4
10.85	-3.34101E-4
10.9	-3.26881E-4
10.95	-3.15799E-4
11	-3.00909E-4
11.05	-3.02262E-4
11.1	-3.0991E-4
11.15	-3.03901E-4
11.2	-2.94286E-4
11.25	-2.81111E-4
11.3	-2.64425E-4
11.35	-2.54273E-4
11.4	-2.30702E-4
11.45	-2.33755E-4
11.5	-2.43478E-4
11.55	-2.39913E-4
11.6	-2.33103E-4
11.65	-2.3309E-4
11.7	-2.19915E-4
11.75	-2.13617E-4
11.8	-1.94237E-4
11.85	-2.01814E-4
11.9	-2.06387E-4
11.95	-1.97992E-4
12	-1.96667E-4
12.05	-1.92448E-4
12.1	-1.75372E-4
12.15	-1.65473E-4
12.2	-1.52787E-4
12.25	-1.57347E-4
12.3	-1.59187E-4
12.35	-1.5834E-4
12.4	-1.54839E-4
12.45	-1.58715E-4
12.5	-1.5E-4
12.55	-1.38725E-4
12.6	-1.24921E-4
12.65	-1.28617E-4
12.7	-1.29843E-4
12.75	-1.28627E-4
12.8	-1.25E-4
12.85	-1.28988E-4
12.9	-1.2062E-4
12.95	-1.09923E-4
13	-9.69231E-5
13.05	-1.01648E-4
13.1	-1.04122E-4
13.15	-1.14373E-4
13.2	-1.12424E-4
13.25	-1.08302E-4
13.3	-1.1203E-4
13.35	-1.03633E-4
13.4	-9.31343E-5
13.45	-1.00558E-4
13.5	-9.59259E-5
13.55	-9.9262E-5
13.6	-9.05882E-5
13.65	-8.99267E-5
13.7	-8.72993E-5
13.75	-7.27273E-5
13.8	-6.62319E-5
13.85	-6.78339E-5
13.9	-7.7554E-5
13.95	-7.54122E-5
14	-7.14286E-5
14.05	-7.56228E-5
14.1	-6.80142E-5
14.15	-6.86219E-5
14.2	-5.74648E-5
14.25	-6.45614E-5
14.3	-6.99301E-5
14.35	-7.35889E-5
14.4	-6.55556E-5
14.45	-6.58478E-5
14.5	-6.44828E-5
14.55	-6.14777E-5
14.6	-5.68493E-5
14.65	-6.06143E-5
14.7	-6.27891E-5
14.75	-6.33898E-5
14.8	-7.24324E-5
14.85	-6.99327E-5
14.9	-6.5906E-5
14.95	-6.03679E-5
15	-5.33333E-5
15.05	-5.48173E-5
15.1	-6.48344E-5
15.15	-6.33993E-5
15.2	-6.05263E-5
15.25	-5.62295E-5
15.3	-6.05229E-5
15.35	-5.34202E-5
15.4	-4.49351E-5
15.45	-4.50809E-5
15.5	-5.3871E-5
15.55	-5.13183E-5
15.6	-4.74359E-5
15.65	-5.22364E-5
15.7	-4.57325E-5
15.75	-4.79365E-5
15.8	-3.88608E-5
15.85	-3.85174E-5
15.9	-4.69182E-5
15.95	-4.40752E-5
16	-5E-5
16.05	-4.4704E-5
16.1	-3.81988E-5
16.15	-4.04954E-5
16.2	-3.16049E-5
16.25	-3.15385E-5
16.3	-4.03067E-5
16.35	-3.79205E-5
16.4	-4.43902E-5
16.45	-3.97264E-5
16.5	-3.39394E-5
16.55	-3.70393E-5
16.6	-2.90361E-5
16.65	-2.99399E-5
16.7	-3.97605E-5
16.75	-3.85075E-5
16.8	-3.61905E-5
16.85	-3.2819E-5
16.9	-2.84024E-5
16.95	-3.29499E-5
17	-2.64706E-5
17.05	-2.89736E-5
17.1	-3.04678E-5
17.15	-3.09621E-5
17.2	-3.04651E-5
17.25	-3.89855E-5
17.3	-3.65318E-5
17.35	-3.31124E-5
17.4	-2.87356E-5
17.45	-3.34097E-5
17.5	-2.71429E-5
17.55	-2.9943E-5
17.6	-3.18182E-5
17.65	-3.27762E-5
17.7	-3.28249E-5
17.75	-2.19718E-5
17.8	-2.02247E-5
17.85	-2.7591E-5
17.9	-2.40782E-5
17.95	-2.96936E-5
18	-3.44444E-5
18.05	-2.8338E-5
18.1	-3.13812E-5
18.15	-2.35813E-5
18.2	-2.49451E-5
18.25	-2.54795E-5
18.3	-2.51913E-5
18.35	-2.40872E-5
18.4	-2.21739E-5
18.45	-2.9458E-5
18.5	-2.59459E-5
18.55	-2.16442E-5
18.6	-1.65591E-5
18.65	-2.06971E-5
18.7	-2.40642E-5
18.75	-2.66667E-5
18.8	-2.85106E-5
18.85	-1.96021E-5
18.9	-1.99471E-5
18.95	-1.95515E-5
19	-1.84211E-5
19.05	-1.65617E-5
19.1	-2.39791E-5
19.15	-2.06789E-5
19.2	-2.66667E-5
19.25	-2.19481E-5
19.3	-2.65285E-5
19.35	-3.04134E-5
19.4	-2.36082E-5
19.45	-2.61183E-5
19.5	-2.79487E-5
19.55	-2.91049E-5
19.6	-2.95918E-5
19.65	-1.94148E-5
19.7	-1.85787E-5
19.75	-1.70886E-5
19.8	-1.49495E-5
19.85	-1.21662E-5
19.9	-1.87437E-5
19.95	-1.46867E-5
20	-2E-5
20.05	-1.46883E-5
20.1	-8.75622E-6
20.15	-1.22084E-5
20.2	-5.0495E-6
20.25	-7.28395E-6
20.3	-8.91626E-6
20.35	-9.95086E-6
20.4	-1.03922E-5
20.45	-1.02445E-5
20.5	-9.5122E-6
20.55	-8.19951E-6
20.6	-6.31068E-6
20.65	-1.38499E-5
20.7	-1.08213E-5
20.75	-7.22892E-6
20.8	-1.30769E-5
20.85	-8.3693E-6
20.9	-1.311E-5
20.95	-7.3031E-6
21	-1.09524E-5
21.05	-1.40618E-5
21.1	-1.66351E-5
21.15	-1.86761E-5
21.2	-1.01887E-5
21.25	-1.11765E-5
21.3	-1.16432E-5
21.35	-1.15925E-5
21.4	-1.1028E-5
21.45	-9.95338E-6
21.5	-1.83721E-5
21.55	-1.62877E-5
21.6	-1.37037E-5
21.65	-1.06236E-5
21.7	-1.70507E-5
21.75	-1.29885E-5
21.8	-8.44037E-6
21.85	-1.34096E-5
21.9	-1.78995E-5
21.95	-1.19134E-5
22	-1.54545E-5
22.05	-1.85261E-5
22.1	-2.11312E-5
22.15	-1.32731E-5
22.2	-1.4955E-5
22.25	-1.61798E-5
22.3	-1.69507E-5
22.35	-1.72707E-5
22.4	-1.71429E-5
22.45	-1.65702E-5
22.5	-1.55556E-5
22.55	-1.4102E-5
22.6	-1.22124E-5
22.65	-9.88962E-6
22.7	-1.71366E-5
22.75	-1.3956E-5
22.8	-2.03509E-5
22.85	-1.63239E-5
22.9	-1.18777E-5
22.95	-1.70153E-5
23	-1.17391E-5
23.05	-1.60521E-5
23.1	-1.99567E-5
23.15	-2.34557E-5
23.2	-1.65517E-5
23.25	-1.92473E-5
23.3	-2.15451E-5
23.35	-2.34475E-5
23.4	-2.49573E-5
23.45	-2.60768E-5
23.5	-2.68085E-5
23.55	-2.7155E-5
23.6	-1.71186E-5
23.65	-1.67019E-5
23.7	-1.59072E-5
23.75	-1.47368E-5
23.8	-1.31933E-5
23.85	-1.12788E-5
23.9	-1.89958E-5
23.95	-1.63466E-5
24	-2.33333E-5
24.05	-1.99584E-5
24.1	-2.62241E-5
24.15	-2.21325E-5
24.2	-1.7686E-5
24.25	-2.28866E-5
24.3	-1.77366E-5
24.35	-2.22382E-5
24.4	-1.63934E-5
24.45	-2.02045E-5
24.5	-1.36735E-5
24.55	-1.68024E-5
24.6	-9.5935E-6
24.65	-1.20487E-5
24.7	-1.417E-5
24.75	-1.59596E-5
24.8	-1.74194E-5
24.85	-1.85513E-5
24.9	-1.93574E-5
24.95	-1.98397E-5
25	-2E-5
25.05	-1.98403E-5
25.1	-1.93625E-5
25.15	-1.85686E-5
25.2	-1.74603E-5
25.25	-1.60396E-5
25.3	-1.43083E-5
25.35	-1.22682E-5
25.4	-9.92126E-6
25.45	-7.26916E-6
25.5	-1.43137E-5
25.55	-1.10568E-5
25.6	-1.75E-5
25.65	-1.36452E-5
25.7	-1.94942E-5
25.75	-1.50485E-5
25.8	-2.03101E-5
25.85	-1.52805E-5
25.9	-1.99614E-5
25.95	-2.43545E-5
26	-1.84615E-5
26.05	-2.22841E-5
26.1	-1.58238E-5
26.15	-1.90822E-5
26.2	-1.20611E-5
26.25	-1.47619E-5
26.3	-1.71863E-5
26.35	-1.93359E-5
26.4	-2.12121E-5
26.45	-1.28166E-5
26.5	-1.41509E-5
26.55	-1.52166E-5
26.6	-1.6015E-5
26.65	-1.65478E-5
26.7	-1.68165E-5
26.75	-1.68224E-5
26.8	-6.56716E-6
26.85	-6.05214E-6
26.9	-5.27881E-6
26.95	-4.24861E-6
27	-2.96296E-6
27.05	-1.42329E-6
27.1	-9.631E-6
27.15	-7.58748E-6
27.2	-5.29412E-6
27.25	-1.27523E-5
27.3	-9.96337E-6
27.35	-6.9287E-6
27.4	-3.64964E-6
27.45	-1.01275E-5
27.5	-6.36364E-6
27.55	-2.35935E-6
27.6	-8.11594E-6
27.65	-3.63472E-6
27.7	1.08303E-6
27.75	-3.96396E-6
27.8	1.22302E-6
27.85	-3.35727E-6
27.9	2.29391E-6
27.95	-1.82469E-6
28	-5.71429E-6
28.05	-9.37611E-6
28.1	-2.81139E-6
28.15	-6.02131E-6
28.2	-9.00709E-6
28.25	-1.17699E-5
28.3	-4.31095E-6
28.35	-6.63139E-6
28.4	-8.73239E-6
28.45	-1.06151E-5
28.5	-2.2807E-6
28.55	-3.7303E-6
28.6	-4.96503E-6
28.65	-5.98604E-6
28.7	-6.79443E-6
28.75	-7.3913E-6
28.8	-7.77778E-6
28.85	-7.95494E-6
28.9	-7.92388E-6
28.95	-7.68566E-6
29	-7.24138E-6
29.05	-6.59208E-6
29.1	-5.73883E-6
29.15	-4.68268E-6
29.2	-3.42466E-6
29.25	-1.96581E-6
29.3	-3.07167E-7
29.35	1.55026E-6
29.4	3.60544E-6
29.45	5.85739E-6
29.5	-1.69492E-6
29.55	9.47547E-7
29.6	3.78378E-6
29.65	-3.18718E-6
29.7	3.367E-8
29.75	-6.55462E-6
29.8	-2.95302E-6
29.85	8.37521E-7
29.9	-5.18395E-6
29.95	-5.01836E-6
30	-6.66667E-6
30.05	-6.66667E-6
40	-6.66667E-6
50	-6.66667E-6
60	-6.66667E-6
70	-6.66667E-6
80	-6.66667E-6
90	-6.66667E-6
100	-6.66667E-6
150	-6.66667E-6
500	-6.66667E-6
